0.92215
0.73577
0.83058
0.9881
0.85281
0.95646
0.80902
0.82653
0.75515
0.75515
0.95815
0.94349
0.84587
0.68095
0.68095
0.95815
0.95815
0.7177
0.7177
0.77519
0.97628
0.7233
0.7233
0.7233
0.67343
0.67343
0.67343
0.95815
0.94349
0.77392
0.97994
0.72063
0.99521
0.99403
0.99188
0.85341
0.93435
0.94928
0.8989
0.92124
0.90534
0.73868
0.73868
0.57974
0.70979
0.70979
0.70979
0.73868
0.68889
0.68889
0.68889
0.77392
0.49158
0.59027
0.48039
0.48039
0.63929
0.70634
0.70634
0.92705
0.99059
0.99059
0.83625
0.98189
0.96753
0.93652
0.70448
0.66905
0.8774
0.84457
0.84384
0.99688
0.99688
0.99688
0.58728
0.55434
0.58215
0.99629
0.59849
0.93427
0.70745
0.66773
0.65988
0.787
0.98164
0.98164
0.98164
0.98164
0.98164
0.98164
0.98164
0.70415
0.70415
0.70415
0.70415
0.70415
0.58082
0.76334
0.76334
0.76334
0.73407
0.96106
0.9902
0.77392
0.96669
0.96669
0.96669
0.96669
0.83537
0.78297
0.84457
0.65112
0.85176
0.93135
0.7177
0.7177
0.7177
0.92915
0.96092
0.571
0.93435
0.73766
0.94204
0.99099
0.60278
0.66022
0.58078
0.5819
0.59986
0.94799
0.95646
0.9563
0.91822
0.91822
0.66022
0.63276
0.93435
0.93435
0.8774
0.85176
0.70634
0.63929
0.5873
0.5819
0.68889
0.93922
0.70634
0.61754
0.70634
0.92153
0.70634
0.99444
0.99444
0.77392
0.99444
0.76917
0.99323
0.99059
0.95957
0.99059
0.98164
0.18916
0.75422
0.95815
0.66759
0.95815
0.8989
0.85176
0.93427
0.6721
0.9092
0.74206
0.90501
0.7177
0.6721
0.69469
0.94349
0.88843
0.68095
0.68095
0.67099
0.97267
0.78367
0.6057
0.69469
0.7075
0.078663
0.078663
0.078663
0.99756
0.86919
0.98214
0.97736
0.80164
0.80164
0.76321
0.63524
0.47488
0.687
0.77742
0.99922
0.83425
0.96302
0.96626
0.63407
0.85237
0.85237
0.98164
0.78807
0.57974
0.69306
0.7177
0.94933
0.83537
0.87569
0.87569
0.87569
0.99403
0.91509
0.91509
0.99688
0.14753
0.14753
0.14753
0.96302
0.62472
0.97994
0.88843
0.88843
0.98164
0.79034
0.88843
0.94512
0.94512
0.76321
0.97267
0.97267
0.62617
0.61593
0.77392
0.99403
0.77392
0.77392
0.74206
0.62605
0.77392
0.85176
0.85176
0.65165
0.65165
0.90273
0.90273
0.90273
0.98874
0.72946
0.99099
0.99323
0.84587
0.87219
0.9943
0.85176
0.99188
0.99188
0.66022
0.6123
0.60278
0.49897
0.58815
0.75276
0.56464
0.6087
0.62472
0.85512
0.84457
0.78807
0.94349
0.95067
0.87219
0.54523
0.6563
0.6563
0.6563
0.6563
0.69577
0.69577
0.69577
0.69577
0.68889
0.92215
0.92215
0.92915
0.92915
0.95653
0.66111
0.69161
0.69161
0.92124
0.92124
0.58916
0.93427
0.93427
0.57974
0.57974
0.76917
0.76917
0.73407
0.99688
0.58078
0.95386
0.95386
0.85176
0.93652
0.9563
0.98241
0.66045
0.58815
0.94928
0.97628
0.97628
0.97267
0.99403
0.96169
0.65156
0.87219
0.9621
0.70445
0.956
0.62472
0.99228
0.8774
0.8774
0.18916
0.67099
0.64498
0.96106
0.96106
0.96106
0.96106
0.9943
0.81358
0.85176
0.99228
0.99228
0.078663
0.98829
0.94355
0.77044
0.66499
0.57077
0.6123
0.99403
0.98164
0.59247
0.97628
0.72828
0.96918
0.83222
0.98164
0.85237
0.84321
0.073914
0.98214
0.89764
0.51848
0.60176
0.073914
0.7177
0.84254
0.99228
0.073914
0.96302
0.86303
0.84384
0.97063
0.86303
0.94204
0.87219
0.6721
0.9902
0.95653
0.77287
0.96669
0.47488
0.78807
0.9277
0.9902
0.7177
0.99629
0.97628
0.687
